{"ground_truth": [[-10, -1.337719620706157, -1.6626352006348812, -1.0611537685933308], [1, 1.6272285743807728, 1.565890653114534, 1.026132378542826], [10, 0.1, 0.1, 0.1]], "milp": [[-9.898823205589556, -1.4458526466098751, -1.7308123124112655, -1.0348985206491697], [10.034197253882459, 0.02572129454455643, 0.09364050520974894, 0.1235149964326753], [1.0629416072388125, 1.5861195894236526, 1.5334943263915872, 1.0462349103604105]], "greedy": [[[-9.918904132213317, -1.4400545172383148, -1.7262736143358004, -1.0298196585530144], [2.48657079252276, 2.1190395308492582, 1.833719930408729, -0.13885847063277632], [9.563672035717103, -1.0661592433385196, 0.16379110156796264, 0.8374905591738115]], [[9.881784500478997, -3.899609701415922, -4.129560908611242, -7.942619850068961], [-10.061893694136323, 1.871671864713872, 6.2179273419793795, 2.995556369156495], [4.536276554555304, -4.885020162174323, -3.3509398248895734, 5.815844452413305]], [[1.0647274750519538, 1.5859473947456948, 1.5329358666180637, 1.0457272733723058], [10.05065728646603, 0.02121517184673539, 0.08828094795766558, 0.12068440638050391], [-9.918904132213317, -1.4400545172383148, -1.7262736143358004, -1.0298196585530144]], [[1.312730557526685, 1.3370733699575137, 1.3176491799906753, 0.8583313915672637], [8.644068219759914, 0.20138693075543307, 0.6072662932496958, -0.32714676950148164], [-9.918904132213317, -1.4400545172383148, -1.7262736143358004, -1.0298196585530144]], [[8.764192034205198, -0.03294493522285421, 0.4756387677440897, -0.4333016774025994], [-9.81853681315193, 6.735676521034194, -0.9131024844803275, -1.5972278857841458], [-3.992823550083272, -6.268740737976829, -1.2503090277860627, 0.375889060411989]], [[10.05065728646603, 0.02121517184673539, 0.08828094795766558, 0.12068440638050391], [-9.918904132213317, -1.4400545172383148, -1.7262736143358004, -1.0298196585530144], [1.0647274750519538, 1.5859473947456948, 1.5329358666180637, 1.0457272733723058]], [[1.093135656310193, 1.5741697383111828, 1.4854229347504642, 1.0448601976704097], [10.13122524020458, -0.04041150747063389, 0.034564486236737656, 0.0948399308604466], [-9.918904132213317, -1.4400545172383148, -1.7262736143358004, -1.0298196585530144]], [[8.239161226849143, 1.5228310345101597, -1.1462716597545213, -1.1478176358914756], [4.40168570977197, -0.44497722548881186, 2.361675817324614, 1.5491699778780759], [-9.918904132213317, -1.4400545172383148, -1.7262736143358004, -1.0298196585530144]], [[-7.13092542769149, 1.92221290079952, 6.697175611723711, 0.8719911234775869], [5.631490356472872, -6.00675475991501, -4.2160392445061605, 5.753306739179988], [11.216829942768623, -5.460568709987198, -5.562664587460808, -7.6745339563908885]], [[-9.918904132213317, -1.4400545172383148, -1.7262736143358004, -1.0298196585530144], [10.05065728646603, 0.02121517184673539, 0.08828094795766558, 0.12068440638050391], [1.0647274750519538, 1.5859473947456948, 1.5329358666180637, 1.0457272733723058]], [[9.901528385683626, -0.6459302364688997, 0.7942355672051844, -0.76696716912011], [-9.918904132213317, -1.4400545172383148, -1.7262736143358004, -1.0298196585530144], [1.6571966792681314, 1.7687252755968446, 0.2080038908832698, 1.9619432777219454]], [[-13.243185926087616, 1.0673152841248819, 3.555557091511154, 8.829137741992115], [8.672628213065117, 0.34050438875854927, 0.2656981865594725, 0.19496029574651733], [-5.53198413779748, -2.1432387845203253, -2.676032450662653, -2.4649441101216265]], [[2.927530722029484, 1.581826272352545, -0.9738139638539489, 2.4179960159358833], [-9.918904132213317, -1.4400545172383148, -1.7262736143358004, -1.0298196585530144], [8.669676304577774, -0.266116234650716, 1.4378480282240014, -0.8547588541035563]], [[12.03058244086646, -1.9415647369600624, -8.226016874600287, -4.79691928239912], [-2.9404585335859763, 0.664840843169025, 6.000982444516296, -7.348835979081795], [-5.879803582028734, -0.4840478827578142, 1.5287193757096875, 6.434965934931277]], [[10.601589682808104, -0.33031511588712636, -0.2172882817236955, -0.19356810917155765], [-9.918904132213317, -1.4400545172383148, -1.7262736143358004, -1.0298196585530144], [0.7052572744523777, 1.673160621954589, 1.9590378170085785, 1.1843357884129533]], [[6.275284915806375, -5.432405163513706, 5.1728518549184805, -5.839109405857982], [2.7852025924655774, -3.644455991846625, -5.597902240650071, 3.4985188527909776], [-12.200341837833385, 8.447301346923773, 1.6687465948018438, -0.23294705848921707]], [[10.05065728646603, 0.02121517184673539, 0.08828094795766558, 0.12068440638050391], [-9.918904132213317, -1.4400545172383148, -1.7262736143358004, -1.0298196585530144], [1.0647274750519538, 1.5859473947456948, 1.5329358666180637, 1.0457272733723058]], [[0.3278707514091366, -6.176553450684697, 3.0450281145329745, -4.617241923455945], [8.188370240891754, -0.0883262622483636, 1.0121873003001873, -0.12902573705411477], [-9.775714551567354, -1.537373095986485, -1.769301682760582, -1.0455126919227067]], [[-9.918904132213317, -1.4400545172383148, -1.7262736143358004, -1.0298196585530144], [1.0647274750519538, 1.5859473947456948, 1.5329358666180637, 1.0457272733723058], [10.05065728646603, 0.02121517184673539, 0.08828094795766558, 0.12068440638050391]], [[7.032944712626215, 1.2089079664229976, 0.6839067553630948, -0.48637249441757513], [0.9820612937427189, 1.6229502057643945, 0.9774061963138582, 0.6744997159158919], [-9.918904132213317, -1.4400545172383148, -1.7262736143358004, -1.0298196585530144]]], "refit_milp_assignment": [[-9.916739637417084, -1.4409431102317085, -1.726928700992646, -1.0303821782604599], [10.050566525010302, 0.021219873788905306, 0.08832387790679619, 0.12072469603733584], [1.0631650370587318, 1.5863276064834153, 1.533989662071105, 1.0459278779423868]], "refit_ground_truth_assignment": [[-9.916739637417084, -1.4409431102317085, -1.726928700992646, -1.0303821782604599], [1.0631650370587318, 1.5863276064834153, 1.533989662071105, 1.0459278779423868], [10.050566525010302, 0.021219873788905306, 0.08832387790679619, 0.12072469603733584]]}