{"ground_truth": [[-10, -1.337719620706157, -1.6626352006348812, -1.0611537685933308], [1, 1.6272285743807728, 1.565890653114534, 1.026132378542826], [10, 0.1, 0.1, 0.1]], "milp": [[-10.079049601845771, -1.3513856784089042, -1.6745898186801158, -1.0076599035904263], [9.971526458270025, 0.10708682486403334, 0.06597171642939934, 0.1561144511968771], [1.0637892857666054, 1.5963296796265283, 1.552901710554605, 1.029567928055074]], "greedy": [[[-10.105079203576107, -1.3399589813186132, -1.665974170666122, -1.0028408494682803], [1.0652391461481292, 1.5962492230145973, 1.5524991440067346, 1.0291521421040832], [9.991277242792966, 0.10139244310628659, 0.060028919219855315, 0.1527354833647499]], [[-1.0853523527267894, 0.10366372293722674, 2.5022923596521265, 3.612439137641742], [0.4610568238576036, 1.3339339673351662, -8.028968507804501, -2.2757908221786787], [-6.3410963188806235, 3.5894644793069976, 5.0686792231941356, -7.761672030140308]], [[9.991277242792966, 0.10139244310628659, 0.060028919219855315, 0.1527354833647499], [-10.105079203576107, -1.3399589813186132, -1.665974170666122, -1.0028408494682803], [1.0652391461481292, 1.5962492230145973, 1.5524991440067346, 1.0291521421040832]], [[9.09248984038413, 0.48181766679847776, 0.10227305436087582, 0.13530982543025702], [-10.105079203576107, -1.3399589813186132, -1.665974170666122, -1.0028408494682803], [3.205722248850739, -0.48352087428423757, -1.5010777783060656, 1.820795128910939]], [[-7.420556894152801, -0.014219105456273409, 2.987601817188846, 6.182646291488993], [5.357130787518072, -5.069653057375281, 5.690886864955557, -3.236652841022595], [1.574716620701043, 0.8159160045396255, -7.60637444187394, -2.9563907341779725]], [[-10.84446717719223, 0.2838113916477364, 5.316165168130535, 5.439392445896952], [-2.7849766272185175, 4.68972057110221, 2.6005918936465733, -8.326526726302916], [9.03562488643815, -9.247882302235391, -3.8858882009318454, 4.273012105990642]], [[9.991277242792966, 0.10139244310628659, 0.060028919219855315, 0.1527354833647499], [-10.105079203576107, -1.3399589813186132, -1.665974170666122, -1.0028408494682803], [1.0652391461481292, 1.5962492230145973, 1.5524991440067346, 1.0291521421040832]], [[1.574716620701043, 0.8159160045396255, -7.60637444187394, -2.9563907341779725], [4.975716669721049, -4.704630408663082, 5.441933194933499, -3.9199794531689927], [-7.17275674322343, 0.0453863822840493, 3.0950348248408766, 6.04518603373812]], [[1.9084454671248903, -7.049660764382738, -4.295587526749676, -1.127744109957655], [-16.51091755892614, 5.027512692408369, 3.1592408703307466, -0.721678808934315], [7.492518756577808, 0.3551038656013397, 0.9104079006206187, -0.05762054595808213]], [[0.9644650565741406, 1.4242029062412616, 1.276816879512202, 1.6286961483453004], [-10.105079203576107, -1.3399589813186132, -1.665974170666122, -1.0028408494682803], [10.164513011241457, -0.05296821328977884, 0.016102391682715878, 0.06993533430871893]], [[-6.934867157743032, -0.43061763042894663, 4.184990617914568, 5.803356050390753], [14.7510689732673, -3.9601116904051596, -1.7959058295193604, -10.915757951767715], [-1.8135002514177128, -0.6461991927252639, -6.169405313017767, -1.9180000806013526]], [[-10.105079203576107, -1.3399589813186132, -1.665974170666122, -1.0028408494682803], [9.991277242792966, 0.10139244310628659, 0.060028919219855315, 0.1527354833647499], [1.0652391461481292, 1.5962492230145973, 1.5524991440067346, 1.0291521421040832]], [[4.468925967190339, 1.0223270650279805, 1.6664024144560012, 0.64685058688507], [11.767480968595013, -4.529387602475379, -2.2121714847395335, -6.939648117528562], [-10.105079203576107, -1.3399589813186132, -1.665974170666122, -1.0028408494682803]], [[-6.505158212465765, -2.5937975427358215, -2.3959280905494724, -2.26229049673282], [-8.520901405900226, 3.7959730534497633, -1.516777729566919, 3.4230375583530908], [7.052745558096439, 1.4931009883328648, 0.3704823491426217, -0.3492786015365953]], [[9.991277242792966, 0.10139244310628659, 0.060028919219855315, 0.1527354833647499], [-10.105079203576107, -1.3399589813186132, -1.665974170666122, -1.0028408494682803], [1.0652391461481292, 1.5962492230145973, 1.5524991440067346, 1.0291521421040832]], [[-3.7918463357010967, 1.055771940437622, -2.0261582383460977, 3.81736147055824], [7.470584654905352, 1.4892720164199045, -0.015951879348728222, -0.1102580824184756], [-6.799973389952506, -2.296696030290572, -2.418350377811678, -2.302122602926157]], [[-10.391416266517458, -1.2742651185012643, -1.5970285406157585, -0.9100497002375979], [-10.584611162467015, -0.6450183778923272, -0.8221010845381929, -0.6304586807677603], [4.979481983688753, 1.1454964586894787, 1.2508135578572643, 0.46734800790062603]], [[-5.224603405860424, -2.37499907618, -3.342608311401854, -2.3463401103576906], [-15.509712540856857, 1.7171676043508437, 2.725376026578007, 6.311856958281391], [6.6521770135650335, 1.0586268708965165, 1.0739534860690818, -0.7096613733568109]], [[4.74430404518253, 2.3304357218547436, 1.3897992371495935, -1.4581682708017196], [6.851595896083737, -1.7657963436989232, 0.3095010700407619, 2.3001105599388048], [-10.105079203576107, -1.3399589813186132, -1.665974170666122, -1.0028408494682803]], [[7.149015840578874, 0.6134971876107814, 0.97810676879037, -0.03852827301119281], [-6.712148251770562, -1.9228854133843252, -2.2070651105816865, -2.638307439858805], [-2.8911703569021445, -5.174810736139056, -1.315402067629182, 2.722311457690316]]], "refit_milp_assignment": [[-10.101652897110348, -1.3417832210118106, -1.6674313483506422, -1.0034668692289839], [9.991131737217126, 0.1014579360848306, 0.06005872174470793, 0.1527850263933508], [1.0641283200216352, 1.596497062658389, 1.553355646521681, 1.0291525667341195]], "refit_ground_truth_assignment": [[-10.101652897110348, -1.3417832210118106, -1.6674313483506422, -1.0034668692289839], [1.0641283200216352, 1.596497062658389, 1.553355646521681, 1.0291525667341195], [9.991131737217126, 0.1014579360848306, 0.06005872174470793, 0.1527850263933508]]}